1         SISTEMA - MARES                               MARINHA DO BRASIL                             PAGINA -        1
          PROGRAMA - MAR3_18                   DIRETORIA DE HIDROGRAFIA E NAVEGACAO                   DATA - 09/08/2018
                                              BANCO NACIONAL DE DADOS OCEANOGRAFICOS

                                              ANALISE ESTATISTICA E HARMONICA DA MARE

          NOME - ILHA FISCAL                             FUSO - +03.0    PERIODO DE OBSERVACOES - 01/09/1964 A 30/09/1965
          NUMERO DA ESTACAO - 50140                      LATITUDE - 22 53 8 S                      LONGITUDE - 043 10 0 W


          CICLOS POR DIA  0
          GRAUS DE LIBERDADE -  78    ENERGIA RESIDUAL -    91.68    DESVIO PADRAO - 1.53     AMPLITUDE LIMITE -     3.83
          ESPECTRO RESIDUAL DE AMPLITUDES
          GR/HORA  RES. GR/HORA  RES. GR/HORA  RES. GR/HORA  RES. GR/HORA  RES. GR/HORA  RES. GR/HORA  RES. GR/HORA  RES. 
            0.038  0.24   0.076  0.60   0.114  1.70   0.152  2.63   0.190  1.63   0.228  3.79   0.266  3.20   0.304  2.95
            0.342  2.59   0.380  3.23   0.418  1.72   0.456  0.55   0.494  1.49   0.532  0.66   0.570  3.44   0.608  2.46
            0.646  0.91   0.684  1.45   0.722  1.22   0.759  1.63   0.797  2.48   0.835  2.63   0.873  0.51   0.911  1.63
            0.949  2.19   0.987  2.04   1.025  1.27   1.063  1.75   1.101  0.10   1.139  0.53   1.177  1.87   1.215  1.45
            1.253  3.28   1.291  1.71   1.329  1.11   1.367  0.49   1.405  3.68   1.443  1.37   1.481  2.79   1.519  2.56
            1.557  1.17   1.595  1.89   1.633  0.69   1.671  1.51   1.709  1.06

          CICLOS POR DIA  1
          GRAUS DE LIBERDADE - 172    ENERGIA RESIDUAL -     1.10    DESVIO PADRAO - 0.11     AMPLITUDE LIMITE -     0.28
          ESPECTRO RESIDUAL DE AMPLITUDES
          GR/HORA  RES. GR/HORA  RES. GR/HORA  RES. GR/HORA  RES. GR/HORA  RES. GR/HORA  RES. GR/HORA  RES. GR/HORA  RES. 
           12.759  0.19  12.797  0.18  12.835  0.16  12.873  0.14  12.911  0.07  12.949  0.06  12.987  0.33  13.025  0.10
           13.063  0.03  13.101  0.22  13.139  0.03  13.177  0.22  13.215  0.06  13.253  0.08  13.291  0.28  13.329  0.19
           13.367  0.27  13.405  0.04  13.443  0.09  13.481  0.07  13.519  0.12  13.557  0.18  13.595  0.10  13.633  0.32
           13.671  0.18  13.709  0.15  13.747  0.15  13.785  0.16  13.823  0.07  13.861  0.12  13.899  0.15  13.937  0.05
           13.975  0.21  14.013  0.09  14.051  0.22  14.089  0.08  14.127  0.06  14.165  0.14  14.203  0.20  14.241  0.17
           14.278  0.23  14.316  0.13  14.354  0.17  14.392  0.24  14.430  0.16  14.468  0.20  14.506  0.08  14.544  0.06
           14.582  0.03  14.620  0.20  14.658  0.06  14.696  0.06  14.734  0.24  14.772  0.13  14.810  0.16  14.848  0.22
           14.886  0.03  14.924  0.01  14.962  0.01  15.000  0.00  15.038  0.01  15.076  0.02  15.114  0.05  15.152  0.20
           15.190  0.11  15.228  0.10  15.266  0.05  15.304  0.06  15.342  0.18  15.380  0.05  15.418  0.08  15.456  0.06
           15.494  0.10  15.532  0.10  15.570  0.13  15.608  0.21  15.646  0.08  15.684  0.10  15.722  0.14  15.759  0.11
           15.797  0.19  15.835  0.08  15.873  0.07  15.911  0.21  15.949  0.08  15.987  0.11  16.025  0.04  16.063  0.00
           16.101  0.19  16.139  0.00  16.177  0.17  16.215  0.20  16.253  0.12  16.291  0.07  16.329  0.12  16.367  0.08
           16.405  0.11  16.443  0.10  16.481  0.21  16.519  0.15  16.557  0.11  16.595  0.16  16.633  0.25  16.671  0.02
           16.709  0.02  16.747  0.14
1         SISTEMA - MARES                               MARINHA DO BRASIL                             PAGINA -        2
          PROGRAMA - MAR3_18                   DIRETORIA DE HIDROGRAFIA E NAVEGACAO                   DATA - 09/08/2018
                                              BANCO NACIONAL DE DADOS OCEANOGRAFICOS

                                              ANALISE ESTATISTICA E HARMONICA DA MARE

          NOME - ILHA FISCAL                             FUSO - +03.0    PERIODO DE OBSERVACOES - 01/09/1964 A 30/09/1965
          NUMERO DA ESTACAO - 50140                      LATITUDE - 22 53 8 S                      LONGITUDE - 043 10 0 W


          CICLOS POR DIA  2
          GRAUS DE LIBERDADE - 224    ENERGIA RESIDUAL -     2.23    DESVIO PADRAO - 0.14     AMPLITUDE LIMITE -     0.35
          ESPECTRO RESIDUAL DE AMPLITUDES
          GR/HORA  RES. GR/HORA  RES. GR/HORA  RES. GR/HORA  RES. GR/HORA  RES. GR/HORA  RES. GR/HORA  RES. GR/HORA  RES. 
           26.316  0.12  26.354  0.13  26.392  0.10  26.430  0.25  26.468  0.14  26.506  0.20  26.544  0.10  26.582  0.10
           26.620  0.09  26.658  0.17  26.696  0.03  26.734  0.23  26.772  0.14  26.810  0.20  26.848  0.20  26.886  0.03
           26.924  0.10  26.962  0.08  27.000  0.09  27.038  0.21  27.076  0.24  27.114  0.09  27.152  0.18  27.190  0.30
           27.228  0.20  27.266  0.08  27.304  0.14  27.342  0.00  27.380  0.10  27.418  0.02  27.456  0.11  27.494  0.05
           27.532  0.11  27.570  0.14  27.608  0.18  27.646  0.38  27.684  0.19  27.722  0.01  27.759  0.28  27.797  0.06
           27.835  0.23  27.873  0.27  27.911  0.08  27.949  0.11  27.987  0.17  28.025  0.19  28.063  0.20  28.101  0.07
           28.139  0.19  28.177  0.14  28.215  0.11  28.253  0.04  28.291  0.19  28.329  0.23  28.367  0.04  28.405  0.26
           28.443  0.03  28.481  0.15  28.519  0.05  28.557  0.38  28.595  0.03  28.633  0.27  28.671  0.27  28.709  0.08
           28.747  0.22  28.785  0.10  28.823  0.03  28.861  0.30  28.899  0.04  28.937  0.05  28.975  0.06  29.013  0.06
           29.051  0.08  29.089  0.16  29.127  0.06  29.165  0.12  29.203  0.17  29.241  0.39  29.278  0.08  29.316  0.10
           29.354  0.30  29.392  0.20  29.430  0.20  29.468  0.11  29.506  0.34  29.544  0.26  29.582  0.18  29.620  0.13
           29.658  0.30  29.696  0.13  29.734  0.04  29.772  0.22  29.810  0.40  29.848  0.11  29.886  0.10  29.924  0.07
           29.962  0.04  30.000  0.00  30.038  0.04  30.076  0.10  30.114  0.33  30.152  0.32  30.190  0.27  30.228  0.27
           30.266  0.25  30.304  0.10  30.342  0.25  30.380  0.14  30.418  0.12  30.456  0.23  30.494  0.17  30.532  0.18
           30.570  0.29  30.608  0.07  30.646  0.22  30.684  0.26  30.722  0.21  30.759  0.11  30.797  0.14  30.835  0.17
           30.873  0.17  30.911  0.04  30.949  0.18  30.987  0.28  31.025  0.06  31.063  0.26  31.101  0.21  31.139  0.04
           31.177  0.16  31.215  0.09  31.253  0.11  31.291  0.10  31.329  0.06  31.367  0.14  31.405  0.13  31.443  0.04
           31.481  0.09  31.519  0.14  31.557  0.02  31.595  0.08  31.633  0.03  31.671  0.17  31.709  0.22

          CICLOS POR DIA  3
          GRAUS DE LIBERDADE - 128    ENERGIA RESIDUAL -     0.44    DESVIO PADRAO - 0.08     AMPLITUDE LIMITE -     0.21
          ESPECTRO RESIDUAL DE AMPLITUDES
          GR/HORA  RES. GR/HORA  RES. GR/HORA  RES. GR/HORA  RES. GR/HORA  RES. GR/HORA  RES. GR/HORA  RES. GR/HORA  RES. 
           42.304  0.06  42.342  0.13  42.380  0.02  42.418  0.00  42.456  0.14  42.494  0.08  42.532  0.10  42.570  0.07
           42.608  0.11  42.646  0.09  42.684  0.04  42.722  0.17  42.759  0.07  42.797  0.01  42.835  0.08  42.873  0.04
           42.911  0.07  42.949  0.04  42.987  0.09  43.025  0.02  43.063  0.09  43.101  0.12  43.139  0.03  43.177  0.07
           43.215  0.10  43.253  0.12  43.291  0.13  43.329  0.09  43.367  0.13  43.405  0.04  43.443  0.05  43.481  0.01
           43.519  0.01  43.557  0.07  43.595  0.07  43.633  0.04  43.671  0.16  43.709  0.09  43.747  0.11  43.785  0.12
           43.823  0.05  43.861  0.05  43.899  0.15  43.937  0.04  43.975  0.43  44.013  0.18  44.051  0.01  44.089  0.12
           44.127  0.16  44.165  0.09  44.203  0.03  44.241  0.09  44.278  0.11  44.316  0.15  44.354  0.14  44.392  0.02
           44.430  0.10  44.468  0.08  44.506  0.14  44.544  0.20  44.582  0.11  44.620  0.03  44.658  0.09  44.696  0.06
           44.734  0.05  44.772  0.11  44.810  0.16  44.848  0.10  44.886  0.09  44.924  0.14  44.962  0.02  45.000  0.00
           45.038  0.01  45.076  0.16  45.114  0.11
1         SISTEMA - MARES                               MARINHA DO BRASIL                             PAGINA -        3
          PROGRAMA - MAR3_18                   DIRETORIA DE HIDROGRAFIA E NAVEGACAO                   DATA - 09/08/2018
                                              BANCO NACIONAL DE DADOS OCEANOGRAFICOS

                                              ANALISE ESTATISTICA E HARMONICA DA MARE

          NOME - ILHA FISCAL                             FUSO - +03.0    PERIODO DE OBSERVACOES - 01/09/1964 A 30/09/1965
          NUMERO DA ESTACAO - 50140                      LATITUDE - 22 53 8 S                      LONGITUDE - 043 10 0 W


          CICLOS POR DIA  4
          GRAUS DE LIBERDADE - 142    ENERGIA RESIDUAL -     0.45    DESVIO PADRAO - 0.08     AMPLITUDE LIMITE -     0.20
          ESPECTRO RESIDUAL DE AMPLITUDES
          GR/HORA  RES. GR/HORA  RES. GR/HORA  RES. GR/HORA  RES. GR/HORA  RES. GR/HORA  RES. GR/HORA  RES. GR/HORA  RES. 
           56.810  0.05  56.848  0.10  56.886  0.02  56.924  0.07  56.962  0.03  57.000  0.18  57.038  0.02  57.076  0.11
           57.114  0.01  57.152  0.07  57.190  0.04  57.228  0.06  57.266  0.15  57.304  0.04  57.342  0.00  57.380  0.12
           57.418  0.01  57.456  0.08  57.494  0.01  57.532  0.08  57.570  0.14  57.608  0.07  57.646  0.17  57.684  0.03
           57.722  0.13  57.759  0.14  57.797  0.03  57.835  0.09  57.873  0.03  57.911  0.03  57.949  0.04  57.987  0.05
           58.025  0.05  58.063  0.06  58.101  0.09  58.139  0.21  58.177  0.14  58.215  0.06  58.253  0.10  58.291  0.17
           58.329  0.19  58.367  0.12  58.405  0.02  58.443  0.01  58.481  0.14  58.519  0.04  58.557  0.11  58.595  0.16
           58.633  0.01  58.671  0.08  58.709  0.08  58.747  0.17  58.785  0.07  58.823  0.14  58.861  0.09  58.899  0.11
           58.937  0.13  58.975  0.04  59.013  0.07  59.051  0.09  59.089  0.08  59.127  0.16  59.165  0.12  59.203  0.02
           59.241  0.10  59.278  0.07  59.316  0.15  59.354  0.13  59.392  0.03  59.430  0.09  59.468  0.11  59.506  0.05
           59.544  0.14  59.582  0.18  59.620  0.08  59.658  0.03  59.696  0.12  59.734  0.06  59.772  0.05  59.810  0.10
           59.848  0.11  59.886  0.15  59.924  0.11  59.962  0.22  60.000  0.00  60.038  0.04  60.076  0.01  60.114  0.06
           60.152  0.09

          CICLOS POR DIA  5
          GRAUS DE LIBERDADE - 188    ENERGIA RESIDUAL -     0.14    DESVIO PADRAO - 0.04     AMPLITUDE LIMITE -     0.10
          ESPECTRO RESIDUAL DE AMPLITUDES
          GR/HORA  RES. GR/HORA  RES. GR/HORA  RES. GR/HORA  RES. GR/HORA  RES. GR/HORA  RES. GR/HORA  RES. GR/HORA  RES. 
           71.278  0.03  71.316  0.06  71.354  0.02  71.392  0.01  71.430  0.07  71.468  0.08  71.506  0.05  71.544  0.08
           71.582  0.04  71.620  0.02  71.658  0.03  71.696  0.03  71.734  0.03  71.772  0.04  71.810  0.05  71.848  0.06
           71.886  0.02  71.924  0.02  71.962  0.02  72.000  0.02  72.038  0.05  72.076  0.02  72.114  0.03  72.152  0.03
           72.190  0.08  72.228  0.02  72.266  0.09  72.304  0.02  72.342  0.09  72.380  0.03  72.418  0.08  72.456  0.01
           72.494  0.05  72.532  0.05  72.570  0.04  72.608  0.04  72.646  0.10  72.684  0.01  72.722  0.06  72.759  0.06
           72.797  0.07  72.835  0.02  72.873  0.06  72.911  0.17  72.949  0.04  72.987  0.11  73.025  0.02  73.063  0.13
           73.101  0.03  73.139  0.04  73.177  0.03  73.215  0.05  73.253  0.03  73.291  0.01  73.329  0.02  73.367  0.03
           73.405  0.06  73.443  0.06  73.481  0.00  73.519  0.02  73.557  0.10  73.595  0.02  73.633  0.01  73.671  0.02
           73.709  0.03  73.747  0.06  73.785  0.02  73.823  0.06  73.861  0.06  73.899  0.04  73.937  0.03  73.975  0.05
           74.013  0.03  74.051  0.06  74.089  0.11  74.127  0.03  74.165  0.03  74.203  0.04  74.241  0.06  74.278  0.06
           74.316  0.03  74.354  0.03  74.392  0.05  74.430  0.04  74.468  0.00  74.506  0.04  74.544  0.03  74.582  0.02
           74.620  0.02  74.658  0.08  74.696  0.04  74.734  0.07  74.772  0.02  74.810  0.07  74.848  0.07  74.886  0.05
           74.924  0.08  74.962  0.04  75.000  0.00  75.038  0.02  75.076  0.06
1         SISTEMA - MARES                               MARINHA DO BRASIL                             PAGINA -        4
          PROGRAMA - MAR3_18                   DIRETORIA DE HIDROGRAFIA E NAVEGACAO                   DATA - 09/08/2018
                                              BANCO NACIONAL DE DADOS OCEANOGRAFICOS

                                              ANALISE ESTATISTICA E HARMONICA DA MARE

          NOME - ILHA FISCAL                             FUSO - +03.0    PERIODO DE OBSERVACOES - 01/09/1964 A 30/09/1965
          NUMERO DA ESTACAO - 50140                      LATITUDE - 22 53 8 S                      LONGITUDE - 043 10 0 W


          CICLOS POR DIA  6
          GRAUS DE LIBERDADE - 194    ENERGIA RESIDUAL -     0.07    DESVIO PADRAO - 0.03     AMPLITUDE LIMITE -     0.07
          ESPECTRO RESIDUAL DE AMPLITUDES
          GR/HORA  RES. GR/HORA  RES. GR/HORA  RES. GR/HORA  RES. GR/HORA  RES. GR/HORA  RES. GR/HORA  RES. GR/HORA  RES. 
           84.759  0.03  84.797  0.06  84.835  0.03  84.873  0.05  84.911  0.06  84.949  0.03  84.987  0.01  85.025  0.02
           85.063  0.07  85.101  0.01  85.139  0.05  85.177  0.01  85.215  0.02  85.253  0.02  85.291  0.02  85.329  0.01
           85.367  0.02  85.405  0.01  85.443  0.02  85.481  0.02  85.519  0.02  85.557  0.02  85.595  0.06  85.633  0.02
           85.671  0.06  85.709  0.04  85.747  0.03  85.785  0.01  85.823  0.04  85.861  0.01  85.899  0.03  85.937  0.00
           85.975  0.04  86.013  0.05  86.051  0.02  86.089  0.05  86.127  0.03  86.165  0.01  86.203  0.02  86.241  0.04
           86.278  0.01  86.316  0.00  86.354  0.03  86.392  0.02  86.430  0.00  86.468  0.01  86.506  0.04  86.544  0.03
           86.582  0.03  86.620  0.05  86.658  0.02  86.696  0.05  86.734  0.06  86.772  0.01  86.810  0.05  86.848  0.03
           86.886  0.03  86.924  0.01  86.962  0.01  87.000  0.04  87.038  0.06  87.076  0.05  87.114  0.01  87.152  0.01
           87.190  0.05  87.228  0.03  87.266  0.02  87.304  0.05  87.342  0.04  87.380  0.07  87.418  0.00  87.456  0.05
           87.494  0.00  87.532  0.01  87.570  0.01  87.608  0.01  87.646  0.05  87.684  0.06  87.722  0.04  87.759  0.04
           87.797  0.02  87.835  0.03  87.873  0.02  87.911  0.03  87.949  0.01  87.987  0.02  88.025  0.00  88.063  0.01
           88.101  0.06  88.139  0.02  88.177  0.05  88.215  0.04  88.253  0.02  88.291  0.06  88.329  0.02  88.367  0.06
           88.405  0.05  88.443  0.05  88.481  0.02  88.519  0.01  88.557  0.02  88.595  0.00  88.633  0.01  88.671  0.05
           88.709  0.03  88.747  0.00  88.785  0.05  88.823  0.01  88.861  0.05  88.899  0.02  88.937  0.04  88.975  0.01
           89.013  0.03  89.051  0.04  89.089  0.07  89.127  0.06

          CICLOS POR DIA  7
          GRAUS DE LIBERDADE - 222    ENERGIA RESIDUAL -     0.07    DESVIO PADRAO - 0.02     AMPLITUDE LIMITE -     0.06
          ESPECTRO RESIDUAL DE AMPLITUDES
          GR/HORA  RES. GR/HORA  RES. GR/HORA  RES. GR/HORA  RES. GR/HORA  RES. GR/HORA  RES. GR/HORA  RES. GR/HORA  RES. 
           99.266  0.02  99.304  0.02  99.342  0.01  99.380  0.01  99.418  0.02  99.456  0.01  99.494  0.05  99.532  0.02
           99.570  0.01  99.608  0.01  99.646  0.06  99.684  0.02  99.722  0.04  99.759  0.01  99.797  0.02  99.835  0.05
           99.873  0.00  99.911  0.03  99.949  0.05  99.987  0.04 100.025  0.04 100.063  0.01 100.101  0.03 100.139  0.03
          100.177  0.02 100.215  0.03 100.253  0.05 100.291  0.07 100.329  0.02 100.367  0.03 100.405  0.02 100.443  0.02
          100.481  0.05 100.519  0.01 100.557  0.07 100.595  0.02 100.633  0.02 100.671  0.04 100.709  0.03 100.747  0.05
          100.785  0.03 100.823  0.03 100.861  0.02 100.899  0.01 100.937  0.04 100.975  0.06 101.013  0.02 101.051  0.03
          101.089  0.02 101.127  0.04 101.165  0.03 101.203  0.01 101.241  0.02 101.278  0.05 101.316  0.04 101.354  0.02
          101.392  0.04 101.430  0.03 101.468  0.01 101.506  0.02 101.544  0.01 101.582  0.02 101.620  0.02 101.658  0.01
          101.696  0.04 101.734  0.01 101.772  0.01 101.810  0.01 101.848  0.06 101.886  0.01 101.924  0.01 101.962  0.02
          102.000  0.01 102.038  0.05 102.076  0.00 102.114  0.01 102.152  0.04 102.190  0.07 102.228  0.01 102.266  0.03
          102.304  0.05 102.342  0.04 102.380  0.05 102.418  0.04 102.456  0.02 102.494  0.06 102.532  0.02 102.570  0.02
          102.608  0.03 102.646  0.02 102.684  0.01 102.722  0.02 102.759  0.03 102.797  0.03 102.835  0.01 102.873  0.02
          102.911  0.01 102.949  0.01 102.987  0.03 103.025  0.02 103.063  0.00 103.101  0.00 103.139  0.03 103.177  0.03
          103.215  0.03 103.253  0.05 103.291  0.04 103.329  0.01 103.367  0.02 103.405  0.04 103.443  0.08 103.481  0.03
          103.519  0.04 103.557  0.00 103.595  0.01 103.633  0.02 103.671  0.02 103.709  0.03 103.747  0.02 103.785  0.04
          103.823  0.02 103.861  0.03 103.899  0.04 103.937  0.04 103.975  0.06 104.013  0.02 104.051  0.02 104.089  0.01
1         SISTEMA - MARES                               MARINHA DO BRASIL                             PAGINA -        5
          PROGRAMA - MAR3_18                   DIRETORIA DE HIDROGRAFIA E NAVEGACAO                   DATA - 09/08/2018
                                              BANCO NACIONAL DE DADOS OCEANOGRAFICOS

                                              ANALISE ESTATISTICA E HARMONICA DA MARE

          NOME - ILHA FISCAL                             FUSO - +03.0    PERIODO DE OBSERVACOES - 01/09/1964 A 30/09/1965
          NUMERO DA ESTACAO - 50140                      LATITUDE - 22 53 8 S                      LONGITUDE - 043 10 0 W


          CICLOS POR DIA  8
          GRAUS DE LIBERDADE - 256    ENERGIA RESIDUAL -     0.10    DESVIO PADRAO - 0.03     AMPLITUDE LIMITE -     0.07
          ESPECTRO RESIDUAL DE AMPLITUDES
          GR/HORA  RES. GR/HORA  RES. GR/HORA  RES. GR/HORA  RES. GR/HORA  RES. GR/HORA  RES. GR/HORA  RES. GR/HORA  RES. 
          114.759  0.04 114.797  0.04 114.835  0.04 114.873  0.08 114.911  0.02 114.949  0.06 114.987  0.03 115.025  0.02
          115.063  0.01 115.101  0.06 115.139  0.00 115.177  0.04 115.215  0.03 115.253  0.10 115.291  0.06 115.329  0.05
          115.367  0.02 115.405  0.02 115.443  0.03 115.481  0.04 115.519  0.04 115.557  0.10 115.595  0.02 115.633  0.02
          115.671  0.03 115.709  0.03 115.747  0.08 115.785  0.02 115.823  0.01 115.861  0.06 115.899  0.06 115.937  0.00
          115.975  0.02 116.013  0.05 116.051  0.07 116.089  0.02 116.127  0.01 116.165  0.04 116.203  0.02 116.241  0.03
          116.278  0.06 116.316  0.03 116.354  0.05 116.392  0.03 116.430  0.03 116.468  0.03 116.506  0.01 116.544  0.04
          116.582  0.01 116.620  0.09 116.658  0.02 116.696  0.03 116.734  0.02 116.772  0.03 116.810  0.09 116.848  0.02
          116.886  0.04 116.924  0.02 116.962  0.01 117.000  0.04 117.038  0.01 117.076  0.05 117.114  0.08 117.152  0.06
          117.190  0.02 117.228  0.00 117.266  0.01 117.304  0.01 117.342  0.00 117.380  0.02 117.418  0.01 117.456  0.06
          117.494  0.03 117.532  0.03 117.570  0.03 117.608  0.02 117.646  0.05 117.684  0.03 117.722  0.02 117.759  0.07
          117.797  0.03 117.835  0.02 117.873  0.06 117.911  0.05 117.949  0.01 117.987  0.01 118.025  0.03 118.063  0.01
          118.101  0.02 118.139  0.03 118.177  0.02 118.215  0.05 118.253  0.04 118.291  0.02 118.329  0.03 118.367  0.02
          118.405  0.04 118.443  0.01 118.481  0.03 118.519  0.05 118.557  0.04 118.595  0.03 118.633  0.02 118.671  0.03
          118.709  0.02 118.747  0.03 118.785  0.02 118.823  0.02 118.861  0.02 118.899  0.02 118.937  0.04 118.975  0.02
          119.013  0.03 119.051  0.07 119.089  0.03 119.127  0.05 119.165  0.01 119.203  0.02 119.241  0.03 119.278  0.03
          119.316  0.02 119.354  0.02 119.392  0.06 119.430  0.01 119.468  0.02 119.506  0.01 119.544  0.02 119.582  0.01
          119.620  0.03 119.658  0.02 119.696  0.02 119.734  0.02 119.772  0.04 119.810  0.06 119.848  0.03 119.886  0.03
          119.924  0.01 119.962  0.01 120.000  0.00 120.038  0.05 120.076  0.05

          CICLOS POR DIA  9
          GRAUS DE LIBERDADE - 320    ENERGIA RESIDUAL -     0.11    DESVIO PADRAO - 0.03     AMPLITUDE LIMITE -     0.06
          ESPECTRO RESIDUAL DE AMPLITUDES
          GR/HORA  RES. GR/HORA  RES. GR/HORA  RES. GR/HORA  RES. GR/HORA  RES. GR/HORA  RES. GR/HORA  RES. GR/HORA  RES. 
          128.696  0.01 128.734  0.03 128.772  0.02 128.810  0.03 128.848  0.09 128.886  0.03 128.924  0.08 128.962  0.02
          129.000  0.02 129.038  0.02 129.076  0.04 129.114  0.01 129.152  0.05 129.190  0.04 129.228  0.01 129.266  0.05
          129.304  0.07 129.342  0.02 129.380  0.02 129.418  0.05 129.456  0.03 129.494  0.01 129.532  0.03 129.570  0.02
          129.608  0.03 129.646  0.03 129.684  0.02 129.722  0.07 129.759  0.03 129.797  0.04 129.835  0.00 129.873  0.00
          129.911  0.02 129.949  0.03 129.987  0.05 130.025  0.03 130.063  0.04 130.101  0.01 130.139  0.04 130.177  0.03
          130.215  0.01 130.253  0.06 130.291  0.04 130.329  0.02 130.367  0.05 130.405  0.04 130.443  0.01 130.481  0.04
          130.519  0.03 130.557  0.03 130.595  0.06 130.633  0.01 130.671  0.01 130.709  0.04 130.747  0.03 130.785  0.04
          130.823  0.01 130.861  0.01 130.899  0.00 130.937  0.02 130.975  0.01 131.013  0.06 131.051  0.05 131.089  0.02
          131.127  0.03 131.165  0.03 131.203  0.03 131.241  0.04 131.278  0.01 131.316  0.00 131.354  0.03 131.392  0.03
          131.430  0.01 131.468  0.04 131.506  0.04 131.544  0.02 131.582  0.05 131.620  0.03 131.658  0.02 131.696  0.00
          131.734  0.05 131.772  0.02 131.810  0.02 131.848  0.01 131.886  0.03 131.924  0.00 131.962  0.01 132.000  0.01
          132.038  0.02 132.076  0.04 132.114  0.05 132.152  0.07 132.190  0.02 132.228  0.02 132.266  0.02 132.304  0.03
          132.342  0.03 132.380  0.03 132.418  0.03 132.456  0.08 132.494  0.03 132.532  0.01 132.570  0.02 132.608  0.02
          132.646  0.02 132.684  0.05 132.722  0.04 132.759  0.02 132.797  0.02 132.835  0.05 132.873  0.02 132.911  0.04
          132.949  0.01 132.987  0.02 133.025  0.02 133.063  0.02 133.101  0.04 133.139  0.03 133.177  0.07 133.215  0.03
          133.253  0.03 133.291  0.05 133.329  0.02 133.367  0.01 133.405  0.03 133.443  0.04 133.481  0.01 133.519  0.02
          133.557  0.05 133.595  0.01 133.633  0.02 133.671  0.03 133.709  0.02 133.747  0.04 133.785  0.04 133.823  0.02
          133.861  0.04 133.899  0.03 133.937  0.03 133.975  0.05 134.013  0.04 134.051  0.04 134.089  0.02 134.127  0.02
          134.165  0.02 134.203  0.01 134.241  0.04 134.278  0.01 134.316  0.04 134.354  0.01 134.392  0.02 134.430  0.04
          134.468  0.02 134.506  0.04 134.544  0.02 134.582  0.04 134.620  0.02 134.658  0.02 134.696  0.03 134.734  0.03
          134.772  0.02 134.810  0.07 134.848  0.07 134.886  0.03 134.924  0.04 134.962  0.07 135.000  0.02 135.038  0.01
          135.076  0.11 135.114  0.05
1         SISTEMA - MARES                               MARINHA DO BRASIL                             PAGINA -        6
          PROGRAMA - MAR3_18                   DIRETORIA DE HIDROGRAFIA E NAVEGACAO                   DATA - 09/08/2018
                                              BANCO NACIONAL DE DADOS OCEANOGRAFICOS

                                              ANALISE ESTATISTICA E HARMONICA DA MARE

          NOME - ILHA FISCAL                             FUSO - +03.0    PERIODO DE OBSERVACOES - 01/09/1964 A 30/09/1965
          NUMERO DA ESTACAO - 50140                      LATITUDE - 22 53 8 S                      LONGITUDE - 043 10 0 W


          CICLOS POR DIA 10
          GRAUS DE LIBERDADE - 134    ENERGIA RESIDUAL -     0.04    DESVIO PADRAO - 0.02     AMPLITUDE LIMITE -     0.06
          ESPECTRO RESIDUAL DE AMPLITUDES
          GR/HORA  RES. GR/HORA  RES. GR/HORA  RES. GR/HORA  RES. GR/HORA  RES. GR/HORA  RES. GR/HORA  RES. GR/HORA  RES. 
          144.304  0.05 144.342  0.01 144.380  0.01 144.418  0.05 144.456  0.03 144.494  0.03 144.532  0.03 144.570  0.02
          144.608  0.02 144.646  0.04 144.684  0.03 144.722  0.03 144.759  0.05 144.797  0.02 144.835  0.04 144.873  0.04
          144.911  0.01 144.949  0.02 144.987  0.02 145.025  0.03 145.063  0.01 145.101  0.01 145.139  0.04 145.177  0.03
          145.215  0.04 145.253  0.02 145.291  0.04 145.329  0.02 145.367  0.03 145.405  0.02 145.443  0.01 145.481  0.03
          145.519  0.03 145.557  0.04 145.595  0.06 145.633  0.06 145.671  0.04 145.709  0.02 145.747  0.02 145.785  0.05
          145.823  0.01 145.861  0.03 145.899  0.07 145.937  0.00 145.975  0.02 146.013  0.02 146.051  0.02 146.089  0.03
          146.127  0.06 146.165  0.00 146.203  0.03 146.241  0.02 146.278  0.02 146.316  0.02 146.354  0.02 146.392  0.02
          146.430  0.02 146.468  0.01 146.506  0.01 146.544  0.01 146.582  0.03 146.620  0.01 146.658  0.03 146.696  0.03
          146.734  0.04 146.772  0.05 146.810  0.03 146.848  0.04 146.886  0.03 146.924  0.04 146.962  0.01 147.000  0.04
          147.038  0.01 147.076  0.02 147.114  0.01

          CICLOS POR DIA 11
          GRAUS DE LIBERDADE - 344    ENERGIA RESIDUAL -     0.11    DESVIO PADRAO - 0.03     AMPLITUDE LIMITE -     0.06
          ESPECTRO RESIDUAL DE AMPLITUDES
          GR/HORA  RES. GR/HORA  RES. GR/HORA  RES. GR/HORA  RES. GR/HORA  RES. GR/HORA  RES. GR/HORA  RES. GR/HORA  RES. 
          158.241  0.04 158.278  0.02 158.316  0.01 158.354  0.07 158.392  0.03 158.430  0.03 158.468  0.03 158.506  0.06
          158.544  0.04 158.582  0.01 158.620  0.04 158.658  0.02 158.696  0.02 158.734  0.03 158.772  0.05 158.810  0.02
          158.848  0.02 158.886  0.00 158.924  0.02 158.962  0.02 159.000  0.03 159.038  0.02 159.076  0.06 159.114  0.04
          159.152  0.03 159.190  0.04 159.228  0.03 159.266  0.02 159.304  0.05 159.342  0.01 159.380  0.03 159.418  0.00
          159.456  0.02 159.494  0.03 159.532  0.08 159.570  0.02 159.608  0.02 159.646  0.03 159.684  0.03 159.722  0.01
          159.759  0.03 159.797  0.02 159.835  0.02 159.873  0.00 159.911  0.03 159.949  0.04 159.987  0.05 160.025  0.07
          160.063  0.01 160.101  0.03 160.139  0.02 160.177  0.01 160.215  0.05 160.253  0.04 160.291  0.04 160.329  0.01
          160.367  0.03 160.405  0.03 160.443  0.07 160.481  0.01 160.519  0.03 160.557  0.01 160.595  0.04 160.633  0.04
          160.671  0.08 160.709  0.03 160.747  0.03 160.785  0.06 160.823  0.02 160.861  0.02 160.899  0.01 160.937  0.03
          160.975  0.00 161.013  0.01 161.051  0.01 161.089  0.05 161.127  0.03 161.165  0.03 161.203  0.04 161.241  0.03
          161.278  0.02 161.316  0.02 161.354  0.03 161.392  0.02 161.430  0.04 161.468  0.01 161.506  0.01 161.544  0.01
          161.582  0.03 161.620  0.03 161.658  0.03 161.696  0.04 161.734  0.03 161.772  0.06 161.810  0.04 161.848  0.01
          161.886  0.06 161.924  0.05 161.962  0.03 162.000  0.00 162.038  0.03 162.076  0.02 162.114  0.03 162.152  0.04
          162.190  0.05 162.228  0.04 162.266  0.05 162.304  0.03 162.342  0.02 162.380  0.03 162.418  0.05 162.456  0.01
          162.494  0.03 162.532  0.05 162.570  0.07 162.608  0.03 162.646  0.05 162.684  0.08 162.722  0.04 162.759  0.03
          162.797  0.04 162.835  0.03 162.873  0.02 162.911  0.02 162.949  0.04 162.987  0.01 163.025  0.08 163.063  0.02
          163.101  0.02 163.139  0.05 163.177  0.02 163.215  0.04 163.253  0.02 163.291  0.03 163.329  0.01 163.367  0.03
          163.405  0.02 163.443  0.02 163.481  0.04 163.519  0.03 163.557  0.04 163.595  0.00 163.633  0.03 163.671  0.04
          163.709  0.04 163.747  0.03 163.785  0.01 163.823  0.05 163.861  0.04 163.899  0.05 163.937  0.03 163.975  0.05
          164.013  0.04 164.051  0.07 164.089  0.01 164.127  0.06 164.165  0.03 164.203  0.05 164.241  0.00 164.278  0.04
          164.316  0.02 164.354  0.01 164.392  0.05 164.430  0.02 164.468  0.04 164.506  0.06 164.544  0.01 164.582  0.04
          164.620  0.02 164.658  0.04 164.696  0.02 164.734  0.04 164.772  0.03 164.810  0.04 164.848  0.03 164.886  0.02
          164.924  0.04 164.962  0.04 165.000  0.04 165.038  0.00 165.076  0.02 165.114  0.02
1         SISTEMA - MARES                               MARINHA DO BRASIL                             PAGINA -        7
          PROGRAMA - MAR3_18                   DIRETORIA DE HIDROGRAFIA E NAVEGACAO                   DATA - 09/08/2018
                                              BANCO NACIONAL DE DADOS OCEANOGRAFICOS

                                              ANALISE ESTATISTICA E HARMONICA DA MARE

          NOME - ILHA FISCAL                             FUSO - +03.0    PERIODO DE OBSERVACOES - 01/09/1964 A 30/09/1965
          NUMERO DA ESTACAO - 50140                      LATITUDE - 22 53 8 S                      LONGITUDE - 043 10 0 W


          CICLOS POR DIA 12
          GRAUS DE LIBERDADE - 134    ENERGIA RESIDUAL -     0.07    DESVIO PADRAO - 0.03     AMPLITUDE LIMITE -     0.08
          ESPECTRO RESIDUAL DE AMPLITUDES
          GR/HORA  RES. GR/HORA  RES. GR/HORA  RES. GR/HORA  RES. GR/HORA  RES. GR/HORA  RES. GR/HORA  RES. GR/HORA  RES. 
          173.278  0.03 173.316  0.08 173.354  0.01 173.392  0.01 173.430  0.06 173.468  0.02 173.506  0.01 173.544  0.05
          173.582  0.05 173.620  0.03 173.658  0.03 173.696  0.01 173.734  0.05 173.772  0.02 173.810  0.07 173.848  0.06
          173.886  0.02 173.924  0.01 173.962  0.08 174.000  0.02 174.038  0.03 174.076  0.05 174.114  0.03 174.152  0.05
          174.190  0.02 174.228  0.09 174.266  0.03 174.304  0.02 174.342  0.03 174.380  0.01 174.418  0.03 174.456  0.03
          174.494  0.03 174.532  0.05 174.570  0.05 174.608  0.02 174.646  0.02 174.684  0.06 174.722  0.05 174.759  0.02
          174.797  0.05 174.835  0.01 174.873  0.03 174.911  0.02 174.949  0.03 174.987  0.04 175.025  0.06 175.063  0.05
          175.101  0.04 175.139  0.03 175.177  0.02 175.215  0.09 175.253  0.02 175.291  0.03 175.329  0.01 175.367  0.05
          175.405  0.03 175.443  0.03 175.481  0.01 175.519  0.05 175.557  0.06 175.595  0.03 175.633  0.02 175.671  0.04
          175.709  0.05 175.747  0.05 175.785  0.04 175.823  0.09 175.861  0.05 175.899  0.04 175.937  0.00 175.975  0.08
          176.013  0.09
1         SISTEMA - MARES                               MARINHA DO BRASIL                             PAGINA -        8
          PROGRAMA - MAR3_18                   DIRETORIA DE HIDROGRAFIA E NAVEGACAO                   DATA - 09/08/2018
                                              BANCO NACIONAL DE DADOS OCEANOGRAFICOS

                                              ANALISE ESTATISTICA E HARMONICA DA MARE

          NOME - ILHA FISCAL                             FUSO - +03.0    PERIODO DE OBSERVACOES - 01/09/1964 A 30/09/1965
          NUMERO DA ESTACAO - 50140                      LATITUDE - 22 53 8 S                      LONGITUDE - 043 10 0 W

                                                      CONSTANTES HARMONICAS


                         NO   COMP.     GRAUS/HORA      H CM       + -   G GRAUS   K GRAUS  GW GRAUS       + -

                          1  *SA         0.0410686      3.34  ********     23.08     23.21     23.21  ********
                          2  *SSA        0.0821373      0.57  ********    314.14    314.39    314.39  ********
                          3  *MM         0.5443747      1.94  ********     74.69     76.32     76.32  ********
                          4  *MSF        1.0158958      2.37  ********    182.70    185.75    185.75  ********
                          5  *MF         1.0980331      3.37  ********     20.28     23.57     23.57  ********
                          6  *MTM        1.6424078      0.70  ********    305.78    310.71    310.71  ********
                          7   2Q1       12.8542862      0.41      0.28     45.41     40.81     83.97     42.42
                          8   SIGMA1    12.9271402      0.60      0.28     65.30     60.91    104.08     27.89
                          9   Q1        13.3986607      2.66      0.28     62.23     59.26    102.43      6.03
                         10   RO1       13.4715147      0.50      0.28     48.93     46.18     89.34     34.22
                         11   O1        13.9430351     11.27      0.28     87.11     85.78    128.94      1.42
                         12  *MP1       14.0251732      0.17  ********    178.88    177.79    220.96  ********
                         13   M1        14.4966936      0.78      0.28     92.38     92.70    135.87     20.93
                         14  *QUI1      14.5695477      0.13  ********    113.31    113.85    157.02  ********
                         15   PI1       14.9178648      0.37      0.28    138.46    140.04    183.21     49.59
                         16   P1        14.9589310      2.06      0.28    135.03    136.74    179.91      7.79
                         17   S1        15.0000000      0.69      0.28    115.78    117.62    160.78     23.92
                         18   K1        15.0410690      6.26      0.28    145.62    147.58    190.75      2.56
                         19  *PSI1      15.0821352      0.27  ********    168.39    170.47    213.64  ********
                         20  *FI1       15.1232061      0.14  ********    158.65    160.85    204.02  ********
                         21  *TETA1     15.5125895      0.20  ********    203.53    206.90    250.07  ********
                         22   J1        15.5854435      0.33      0.28    209.26    212.85    256.01     58.79
                         23  *2PO1      15.9748268      0.19  ********     73.76     78.52    121.69  ********
                         24   SO1       16.0569649      0.28      0.28    110.22    115.22    158.39     79.58
                         25   OO1       16.1391010      0.31      0.28    317.33    322.58      5.75     66.16
                         26  *KQ1       16.6834755      0.24  ********     59.26     66.14    109.31  ********
                         27  *2MN2S2    26.4079380      0.20  ********    266.34    259.23    345.56  ********
                         28  *2NS2      26.8794594      0.13  ********    245.90    240.21    326.54  ********
                         29   3M2S2     26.9523125      0.37      0.35    145.60    140.12    226.45     70.11
                         30  *OQ2       27.3416958      0.11  ********     93.75     89.44    175.77  ********
                         31   MNS2      27.4238338      0.52      0.35     91.97     87.90    174.24     41.87
                         32  *MNK2S2    27.5059719      0.32  ********    291.15    287.34     13.67  ********
                         33   2N2       27.8953552      1.46      0.35    136.73    134.09    220.42     13.79
                         34   MU2       27.9682083      1.79      0.35    102.53    100.10    186.44     11.18
                         35  *2NUM2     28.0410614      0.10  ********     61.47     59.26    145.59  ********
                         36  *SNK2      28.3575916      0.20  ********    123.94    122.67    209.01  ********
                         37   N2        28.4397297      4.54      0.35    125.49    124.48    210.81      4.39
                         38   NU2       28.5125828      0.39      0.35    108.93    108.13    194.47     64.29
                         39  *2KN2S2    28.6040039      0.17  ********    347.32    346.80     73.13  ********
                         40   OP2       28.9019661      0.39      0.35    282.76    283.13      9.47     63.23
1         SISTEMA - MARES                               MARINHA DO BRASIL                             PAGINA -        9
          PROGRAMA - MAR3_18                   DIRETORIA DE HIDROGRAFIA E NAVEGACAO                   DATA - 09/08/2018
                                              BANCO NACIONAL DE DADOS OCEANOGRAFICOS

                                              ANALISE ESTATISTICA E HARMONICA DA MARE

          NOME - ILHA FISCAL                             FUSO - +03.0    PERIODO DE OBSERVACOES - 01/09/1964 A 30/09/1965
          NUMERO DA ESTACAO - 50140                      LATITUDE - 22 53 8 S                      LONGITUDE - 043 10 0 W

                                                      CONSTANTES HARMONICAS


                         NO   COMP.     GRAUS/HORA      H CM       + -   G GRAUS   K GRAUS  GW GRAUS       + -

                         41   MTS2      28.9430370      0.56      0.35    102.32    102.81    189.15     38.15
                         42   M2        28.9841042     33.10      0.35     83.15     83.77    170.10      0.60
                         43  *MST2      29.0251713      0.30  ********    208.83    209.58    295.91  ********
                         44   MKS2      29.0662422      0.40      0.35    158.91    159.78    246.11     60.49
                         45   LAMBD2    29.4556255      0.40      0.35     27.00     29.04    115.37     59.87
                         46   L2        29.5284786      1.55      0.35     35.73     37.99    124.32     12.98
                         47  *2SK2      29.9178619      0.25  ********     61.70     65.12    151.45  ********
                         48   T2        29.9589329      0.68      0.35    123.09    126.64    212.97     30.73
                         49   S2        30.0000000     17.90      0.35     88.71     92.38    178.71      1.11
                         50  *R2        30.0410671      0.26  ********    146.96    150.75    237.08  ********
                         51   K2        30.0821381      5.68      0.35     79.02     82.93    169.27      3.51
                         52   MSN2      30.5443745      0.36      0.35    233.59    238.89    325.23     74.06
                         53   KJ2       30.6265125      0.35      0.35    300.58    306.13     32.46     83.83
                         54  *2SM2      31.0158958      0.24  ********    219.84    226.56    312.89  ********
                         55  *2MS2N2    31.0887489      0.03  ********     48.00     54.93    141.26  ********
                         56  *2SN2      31.5602703      0.04  ********    263.55    271.89    358.23  ********
                         57  *SKN2      31.6424084      0.02  ********    192.72    201.31    287.65  ********
                         58  *NO3       42.3827667      0.11  ********    128.38    126.03    255.53  ********
                         59   MO3       42.9271393      0.38      0.21    122.17    121.45    250.95     33.15
                         60  *2MP3      43.0092773      0.13  ********    139.81    139.34    268.84  ********
                         61  *SQ3       43.3986626      0.07  ********    272.74    273.43     42.93  ********
                         62   M3        43.4761581      0.93      0.21    189.01    189.94    319.44     12.84
                         63   SO3       43.9430351      0.39      0.21    121.90    124.23    253.73     32.25
                         64   MK3       44.0251732      0.28      0.21    127.77    130.35    259.85     47.79
                         65  *2MQ3      44.5695457      0.10  ********    313.34    317.55     87.05  ********
                         66   SP3       44.9589310      0.24      0.21    218.11    223.49    352.99     57.66
                         67   S3        45.0000000      0.34      0.21    190.01    195.51    325.01     37.72
                         68   SK3       45.0410690      0.52      0.21    220.97    226.59    356.09     23.26
                         69   N4        56.8794594      0.45      0.20    343.78    341.75    154.42     25.86
                         70   3MS4      56.9523125      0.50      0.20    310.11    308.30    120.96     23.26
                         71  *MSNK4     57.3416977      0.14  ********    133.01    132.37    305.04  ********
                         72   MN4       57.4238319      2.38      0.20     33.42     33.02    205.69      4.73
                         73   MNU4      57.4966888      0.57      0.20     28.10     27.92    200.59     20.20
                         74  *2MSK4     57.8860703      0.05  ********    317.30    318.29    130.96  ********
                         75   2MTS4     57.9271431      0.28      0.20    188.21    189.33      2.00     44.98
                         76   M4        57.9682083      5.69      0.20     79.21     80.45    253.12      1.98
                         77  *2MST4     58.0092735      0.19  ********    193.87    195.23      7.90  ********
                         78  *2MKS4     58.0503464      0.02  ********     50.63     52.12    224.79  ********
                         79  *2MKT4     58.0914116      0.04  ********     40.16     41.77    214.43  ********
                         80   SN4       58.4397278      0.49      0.20    162.07    164.72    337.39     23.44
1         SISTEMA - MARES                               MARINHA DO BRASIL                             PAGINA -       10
          PROGRAMA - MAR3_18                   DIRETORIA DE HIDROGRAFIA E NAVEGACAO                   DATA - 09/08/2018
                                              BANCO NACIONAL DE DADOS OCEANOGRAFICOS

                                              ANALISE ESTATISTICA E HARMONICA DA MARE

          NOME - ILHA FISCAL                             FUSO - +03.0    PERIODO DE OBSERVACOES - 01/09/1964 A 30/09/1965
          NUMERO DA ESTACAO - 50140                      LATITUDE - 22 53 8 S                      LONGITUDE - 043 10 0 W

                                                      CONSTANTES HARMONICAS


                         NO   COMP.     GRAUS/HORA      H CM       + -   G GRAUS   K GRAUS  GW GRAUS       + -

                         81   3MN4      58.5125847      0.88      0.20    288.47    291.35    104.01     12.90
                         82   MS4       58.9841042      2.88      0.20    175.03    179.31    351.98      3.91
                         83   MK4       59.0662422      0.79      0.20    189.05    193.59      6.25     14.49
                         84   SL4       59.5284805      0.22      0.20    230.12    236.04     48.71     61.82
                         85  *S4        60.0000000      0.18  ********     54.27     61.61    234.27  ********
                         86   SK4       60.0821381      0.20      0.20     91.88     99.46    272.13     73.60
                         87   MNO5      71.3668671      0.13      0.10    352.84    351.10    206.94     49.62
                         88   2MO5      71.9112473      0.14      0.10     55.84     55.74    271.58     43.04
                         89  *MNK5      72.4649048      0.03  ********    132.94    134.50    350.33  ********
                         90  *2MK5      73.0092773      0.07  ********    148.43    151.63      7.46  ********
                         91  *MSM5      73.4807968      0.06  ********    354.21    358.82    214.65  ********
                         92   MSK5      74.0251694      0.10      0.10      7.19     13.43    229.26     77.89
                         93   S5        75.0000000      0.16      0.10    105.92    115.08    330.92     35.95
                         94  *2M2NS6    84.8476639      0.06  ********     73.29     68.83    327.83  ********
                         95  *3MNS6     85.3920441      0.04  ********    268.13    265.30    164.30  ********
                         96  *2NM6      85.8635635      0.03  ********    267.77    266.36    165.36  ********
                         97  *4MS6      85.9364166      0.05  ********    309.58    308.39    207.39  ********
                         98  *2MSNK6    86.3257980      0.02  ********    160.11    160.08     59.08  ********
                         99   2MN6      86.4079361      0.07      0.07     17.42     17.65    276.65     66.00
                        100  *2MNU6     86.4807892      0.02  ********    248.58    249.02    148.02  ********
                        101  *3MSK6     86.8701782      0.03  ********    210.18    211.79    110.79  ********
                        102   M6        86.9523163      0.14      0.07    102.69    104.54      3.54     29.42
                        103  *MSN6      87.4238358      0.05  ********     70.61     73.88    332.88  ********
                        104  *4MN6      87.4966888      0.05  ********    267.96    271.45    170.45  ********
                        105  *MKNU6     87.5788269      0.05  ********     65.34     69.07    328.07  ********
                        106  *2M2SK6    87.8860703      0.05  ********    284.74    289.40    188.40  ********
                        107   2MS6      87.9682083      0.19      0.07    175.63    180.54     79.54     20.58
                        108  *2MK6      88.0503464      0.02  ********    223.47    228.62    127.62  ********
                        109  *3MSN6     88.5125809      0.05  ********    291.56    298.10    197.10  ********
                        110  *MKL6      88.5947189      0.03  ********     75.22     82.01    341.01  ********
                        111  *2SM6      88.9841080      0.04  ********    329.07    337.02    236.02  ********
                        112   MSK6      89.0662384      0.10      0.07    268.15    276.35    175.35     40.37
                        113  *3MNOS7    99.3350754      0.02  ********    122.42    118.26     60.42  ********
                        114  *2NMO7     99.8066025      0.02  ********    224.04    221.29    163.46  ********
                        115  *4MOS7     99.8794556      0.04  ********     82.30     79.77     21.94  ********
                        116  *2MNO7    100.3509750      0.03  ********    192.16    191.05    133.21  ********
                        117  *3MNKS7   100.4331131      0.04  ********    261.26    260.39    202.56  ********
                        118  *3MO7     100.8953476      0.05  ********    245.88    246.40    188.57  ********
                        119  *MSNO7    101.3668671      0.03  ********    315.21    317.14    259.31  ********
                        120  *2MNK7    101.4490051      0.03  ********    292.63    294.81    236.97  ********
1         SISTEMA - MARES                               MARINHA DO BRASIL                             PAGINA -       11
          PROGRAMA - MAR3_18                   DIRETORIA DE HIDROGRAFIA E NAVEGACAO                   DATA - 09/08/2018
                                              BANCO NACIONAL DE DADOS OCEANOGRAFICOS

                                              ANALISE ESTATISTICA E HARMONICA DA MARE

          NOME - ILHA FISCAL                             FUSO - +03.0    PERIODO DE OBSERVACOES - 01/09/1964 A 30/09/1965
          NUMERO DA ESTACAO - 50140                      LATITUDE - 22 53 8 S                      LONGITUDE - 043 10 0 W

                                                      CONSTANTES HARMONICAS


                         NO   COMP.     GRAUS/HORA      H CM       + -   G GRAUS   K GRAUS  GW GRAUS       + -

                        121   2MSO7    101.9112473      0.09      0.06    218.55    222.12    164.29     43.14
                        122  *3MK7     101.9933777      0.05  ********    181.10    184.91    127.08  ********
                        123  *3MKKS7   102.0755157      0.01  ********    201.31    205.37    147.53  ********
                        124  *MSNK7    102.4649048      0.06  ********     43.73     48.96    351.13  ********
                        125   2MSP7    102.9271393      0.06      0.06    340.57    347.18    289.35     80.62
                        126  *2MSK7    103.0092773      0.04  ********      0.34      7.20    309.37  ********
                        127  *2MKK7    103.0914154      0.02  ********    111.01    118.11     60.28  ********
                        128  *3MSKN7   103.5536499      0.02  ********    211.48    219.98    162.14  ********
                        129  *2SMK7    104.0251694      0.06  ********     87.67     97.58     39.74  ********
                        130  *2M2N8    114.8476639      0.06  ********     89.01     88.21     73.55  ********
                        131   3MN8     115.3920441      0.16      0.07    142.29    143.13    128.47     25.92
                        132   M8       115.9364166      0.13      0.07    193.79    196.26    181.60     32.19
                        133  *2MSN8    116.4079361      0.04  ********    223.76    227.65    212.98  ********
                        134  *2MNK8    116.4900742      0.06  ********    227.79    231.92    217.26  ********
                        135  *3MS8     116.9523163      0.06  ********    280.66    286.18    271.51  ********
                        136  *3MK8     117.0344467      0.04  ********    323.25    329.02    314.35  ********
                        137  *MSNK8    117.5059738      0.04  ********    307.26    314.44    299.78  ********
                        138  *2M2S8    117.9682083      0.03  ********    102.41    110.98     96.32  ********
                        139  *2MSK8    118.0503464      0.05  ********     36.70     45.52     30.85  ********
                        140  *3SN8     118.4397278      0.02  ********     89.71     99.70     85.03  ********
                        141  *3SM8     118.9841080      0.06  ********    286.21    297.83    283.17  ********
                        142  *S8       120.0000000      0.06  ********    208.25    222.92    208.25  ********
                        143  *2M2NO9   128.7907104      0.02  ********     94.18     92.05    120.55  ********
                        144  *3MNO9    129.3350830      0.04  ********    350.92    350.43     18.93  ********
                        145  *4MO9     129.8794556      0.03  ********    187.95    189.09    217.59  ********
                        146  *3MNK9    130.4331055      0.02  ********     46.92     49.72     78.22  ********
                        147  *3MSO9    130.8953552      0.01  ********    247.66    251.84    280.34  ********
                        148  *4MK9     130.9774780      0.02  ********    296.49    300.92    329.42  ********
                        149  *2M2SO9   131.9112396      0.03  ********    354.83      2.06     30.56  ********
                        150  *3MSK9    131.9933777      0.06  ********     80.30     87.78    116.28  ********
                        151  *2M2SK9   133.0092773      0.02  ********     94.24    104.77    133.27  ********
                        152  *4SK9     135.0410614      0.05  ********    200.75    217.37    245.87  ********
                        153  *4MN10    144.3761444      0.05  ********    319.04    320.51     32.17  ********
                        154  *M10      144.9205170      0.05  ********    306.44    309.53     21.20  ********
                        155  *3MSN10   145.3920441      0.02  ********    314.42    318.93     30.60  ********
                        156  *4MS10    145.9364166      0.03  ********    321.27    327.41     39.08  ********
                        157  *2M2SN10  146.4079437      0.03  ********    338.85    346.40     58.07  ********
                        158  *2MNSK10  146.4900818      0.03  ********    156.03    163.83    235.50  ********
                        159  *3M2S10   146.9523163      0.04  ********    333.14    342.33     54.00  ********
                        160  *3MSK10   147.0344543      0.02  ********    319.57    329.01     40.68  ********
1         SISTEMA - MARES                               MARINHA DO BRASIL                             PAGINA -       12
          PROGRAMA - MAR3_18                   DIRETORIA DE HIDROGRAFIA E NAVEGACAO                   DATA - 09/08/2018
                                              BANCO NACIONAL DE DADOS OCEANOGRAFICOS

                                              ANALISE ESTATISTICA E HARMONICA DA MARE

          NOME - ILHA FISCAL                             FUSO - +03.0    PERIODO DE OBSERVACOES - 01/09/1964 A 30/09/1965
          NUMERO DA ESTACAO - 50140                      LATITUDE - 22 53 8 S                      LONGITUDE - 043 10 0 W

                                                      CONSTANTES HARMONICAS


                         NO   COMP.     GRAUS/HORA      H CM       + -   G GRAUS   K GRAUS  GW GRAUS       + -

                        161  *4MNO11   158.3191833      0.02  ********    108.41    108.53    223.37  ********
                        162  *5MO11    158.8635559      0.01  ********    325.73    327.49     82.32  ********
                        163  *4MNP11   159.3350830      0.02  ********    263.14    266.31     21.15  ********
                        164  *4MNK11   159.4172211      0.06  ********    297.52    300.94     55.77  ********
                        165  *4MSO11   159.8794556      0.06  ********     74.55     79.35    194.18  ********
                        166  *5MK11    159.9615936      0.03  ********    358.10      3.15    117.99  ********
                        167  *3M2SO11  160.8953552      0.02  ********     49.02     56.87    171.71  ********
                        168  *4MSK11   160.9774780      0.04  ********    118.57    126.67    241.51  ********
                        169  *3M2SK11  161.9933777      0.05  ********    227.17    238.32    353.15  ********
                        170  *5SK11    165.0410614      0.05  ********    276.68    296.97     51.80  ********
                        171  *5MN12    173.3602448      0.07  ********    237.02    239.10     37.10  ********
                        172  *M12      173.9046326      0.05  ********    292.18    295.89     93.89  ********
                        173  *4MSN12   174.3761444      0.02  ********    327.02    332.15    130.15  ********
                        174  *5MS12    174.9205170      0.05  ********     43.65     50.41    208.41  ********
                        175  *3MNKS12  175.4741821      0.01  ********    317.31    325.73    123.73  ********
                        176   4M2S12   175.9364166      0.09      0.08    112.04    121.85    279.85     61.66



                            OBS: AS COMPONENTES ASTERISCADAS NAO ESTAO DENTRO DO INTERVALO DE CONFIANCA.
1         SISTEMA - MARES                               MARINHA DO BRASIL                             PAGINA -       13
          PROGRAMA - MAR3_18                   DIRETORIA DE HIDROGRAFIA E NAVEGACAO                   DATA - 09/08/2018
                                              BANCO NACIONAL DE DADOS OCEANOGRAFICOS

                                              ANALISE ESTATISTICA E HARMONICA DA MARE

          NOME - ILHA FISCAL                             FUSO - +03.0    PERIODO DE OBSERVACOES - 01/09/1964 A 30/09/1965
          NUMERO DA ESTACAO - 50140                      LATITUDE - 22 53 8 S                      LONGITUDE - 043 10 0 W







                                                         REDUCAO DE SONDAGEM


                                NIVEL MEDIO  (S0)                                          213.18  CM
                                CLASSIFICACAO DA MARE   0.34                  (DESIGUALDADES DIURNAS)
                                NIVEL DE REDUCAO ABAIXO DO NIVEL MEDIO (Z0)                  70.60 CM
                                NIVEL DE REDUCAO (NR)                                       142.58 CM
                                ESTABELECIMENTO DO PORTO                                  2 H  56 MIN

                                ALTURA DA PREAMAR SUPERIOR                                  124.86 CM
                                ALTURA DA PREAMAR INFERIOR                                  118.35 CM
                                ALTURA DA BAIXAMAR SUPERIOR                                  31.56 CM
                                ALTURA DA BAIXAMAR INFERIOR                                   7.63 CM


                                NIVEIS MEDIO E DE REDUCAO REFERIDOS AO ZERO DO MAREGRAFO.
                                ALTURAS DAS PREAMARES E BAIXAMARES REFERIDAS AO NIVEL DE REDUCAO.
 R 
 0
