0250000070.60010919643009196550140ILHA FISCAL                           22538S043100W+030
1SIGMA1  12.9271398                                0.60   65.30
1Q1      13.3986609                                2.66   62.23
1O1      13.9430356                               11.27   87.11
1M1       14.496694                                0.78   92.38
1P1      14.9589314                                2.06  135.03
1S1              15                                0.69  115.78
1K1      15.0410686                                6.26  145.62
0MNS2    27.4238337               1   1    -1      0.52   91.97
12N2     27.8953549                                1.46  136.73
1MU2     27.9682084                                1.79  102.53
1N2      28.4397295                                4.54  125.49
0MTS2    28.9430375                   1   1-1      0.56  102.32
1M2      28.9841042                               33.10   83.15
1L2      29.5284789                                1.55   35.73
1T2      29.9589333                                0.68  123.09
1S2              30                               17.90   88.71
1K2      30.0821373                                5.68   79.02
1M3      43.4761563                                0.93  189.01
0SK3     45.0410686           1             1      0.52  220.97
0MN4     57.4238337               1   1            2.38   33.42
0MNU4    57.4966873                 1 1            0.57   28.10
0M4      57.9682084                   2            5.69   79.21
03MN4    58.5125831              -1   3            0.88  288.47
0MS4     58.9841042                   1     1      2.88  175.03
0MK4     59.0662415                   1       1    0.79  189.05
