 3                                                                              
1MM        5443747                                                              
 MSF      10158958                  -1     1                                    
1MTM      16424078                                                              
 8   1                                                                          
1SIGMA1  129271398                                                              
1Q1      133986609                                                              
1O1      139430356                                                              
1M1      144966939                                                              
1K1      150410686                                                              
1J1      155854433                                                              
1OO1     161391017                                                              
 KQ1     166834764-1                         1                                  
10   2                                                                          
 2NS2    268794590               2        -1                                    
 MNS2    274238337               1   1    -1                                    
1MU2     279682084                                                              
1N2      284397295                                                              
1M2      289841042                                                              
1L2      295284789                                                              
1S2      300000000                                                              
 MSN2    305443747              -1   1     1                                    
 2SM2    310158958                  -1     2                                    
 2SN2    315602705              -1         2                                    
 6   3                                                                          
 NO3     423827651   1           1                                              
 MO3     429271398   1               1                                          
1M3      434761563                                                              
 MK3     440251728           1       1                                          
 2MQ3    445695475-1                 2                                          
 SK3     450410686           1             1                                    
 7   4                                                                          
 N4      568794590               2                                              
 MN4     574238337               1   1                                          
 M4      579682084                   2                                          
 SN4     584397295               1         1                                    
 MS4     589841042                   1     1                                    
 SL4     595284789                     1   1                                    
 S4      600000000                         2                                    
 6   5                                                                          
 MNO5    713668693   1           1   1                                          
 2MO5    719112440   1               2                                          
 MNK5    724649023           1   1   1                                          
 2MK5    730092770           1       2                                          
 MSM5    734807981     1             1     1                                    
 MSK5    740251728           1       1     1                                    
 9   6                                                                          
 2M2NS6  848476675               2   2    -1                                    
 3MNS6   853920422               1   3    -1                                    
 4MS6    859364168                   4    -1                                    
 2MN6    864079380               1   2                                          
 M6      869523127                   3                                          
 MSN6    874238337               1   1     1                                    
 2MS6    879682084                   2     1                                    
 MKL6    885947204                   1 1     1                                  
 2SM6    889841042                   1     2                                    
10   7                                                                          
 3MNOS7  993350778   1           1   3    -1                                    
 2NMO7   998065988   1           2   1                                          
 2MNO7  1003509735   1           1   2                                          
 3MO7   1008953482   1               3                                          
 2MNK7  1014490066           1   1   2                                          
 3MK7   1019933813           1       3                                          
 MSNK7  1024649023           1   1   1     1                                    
 2MSK7  1030092770           1       2     1                                    
 3MSKN7 1035536518           1  -1   3     1                                    
 2SMK7  1040251728           1       1     2                                    
 9   8                                                                          
 2M2N8  1148476675               2   2                                          
 3MN8   1153920422               1   3                                          
 M8     1159364169                   4                                          
 2MSN8  1164079379               1   2     1                                    
 3MS8   1169523127                   3     1                                    
 2M2S8  1179682084                   2     2                                    
 3SN8   1184397295               1         3                                    
 3SM8   1189841042                   1     3                                    
 S8     1200000000                         4                                    
